Caroline Islands  (2732,1280)  (2775,1275)  (2823,1268)
54 Sea Zone  (3289,1050)  (3336,1098)  (3288,1098)  (3261,1002)  (3309,1002)  (3337,1050)  (3357,982)  (3381,1146)  (3333,1146)  (3285,1146)  (3261,954)  (3309,954)  (3381,1194)  (3333,1194)  (3285,1194)
Iwo Jima  (2915,839)
Morocco  (678,976)  (633,982)  (721,981)
15 Sea Zone  (981,914)  (946,866)  (1029,926)  (898,847)  (1118,954)  (1166,941)
27 Sea Zone  (947,1812)  (899,1859)  (899,1811)  (994,1860)  (947,1764)  (897,1763)  (946,1907)  (898,1907)  (1042,1882)  (994,1908)  (945,1716)  (882,1715)  (1059,1930)
63 Sea Zone  (2877,367)  (2829,358)  (2920,415)  (2921,313)  (2815,310)  (2925,361)  (2781,358)  (2925,265)  (2767,310)  (2925,217)  (2719,322)  (2709,274)  (2940,169)  (2988,126)  (3005,78)  (3010,30)
Chile  (171,1467)
Afghanistan  (1820,855)
Baltic States  (1228,340)  (1212,388)  (1276,320)
France  (779,632)  (826,680)  (778,680)  (746,584)  (794,584)  (827,632)  (842,569)  (730,719)  (849,728)  (801,728)
Evenki National Okrug  (2159,262)  (2206,310)  (2158,310)  (2145,214)  (2193,214)  (2207,262)  (2211,358)  (2163,358)  (2145,166)  (2193,166)  (2115,401)  (2209,406)  (2123,118)  (2171,118)  (2074,449)  (2120,70)  (2168,70)  (2072,48)  (2120,22)  (2168,22)
Spain Portugal  (613,798)  (644,846)  (596,846)  (623,750)  (661,798)  (709,774)
41 Sea Zone  (3314,1730)  (3266,1777)  (3266,1729)  (3361,1778)  (3314,1682)  (3362,1682)  (3362,1730)  (3265,1681)  (3313,1825)  (3265,1825)  (3409,1778)  (3409,1826)  (3361,1826)  (3410,1653)  (3410,1701)  (3313,1873)  (3265,1873)  (3451,1874)  (3403,1874)  (3355,1921)  (3307,1921)  (3451,1922)  (3403,1922)
French Equatorial Africa  (939,1293)  (891,1340)  (891,1292)  (986,1341)  (939,1245)  (987,1245)  (987,1293)  (889,1244)  (1034,1341)  (996,1389)  (1035,1244)  (1035,1292)  (853,1196)  (901,1196)  (1052,1389)
40 Sea Zone  (3188,1785)  (3195,1709)  (3140,1816)  (3216,1833)  (3178,1661)  (3062,1660)  (3045,1763)  (3044,1715)  (3168,1864)  (3120,1864)  (3216,1881)  (3014,1667)  (3168,1912)  (3120,1912)  (3072,1913)  (3216,1929)  (3024,1932)
Northwestern Europe  (863,486)  (901,456)  (947,383)  (946,430)
4 Sea Zone  (1439,16)  (1391,13)  (1487,1)  (1343,23)  (1535,1)  (1583,1)
18 Sea Zone  (255,1000)  (303,992)  (303,1040)  (126,904)  (124,961)  (78,913)
65 Sea Zone  (3165,420)  (3156,372)  (3213,400)
46 Sea Zone  (2442,1640)  (2394,1687)  (2394,1639)  (2489,1688)  (2490,1610)  (2441,1735)  (2393,1735)  (2537,1658)  (2538,1610)  (2586,1610)  (2634,1610)
55 Sea Zone  (3415,934)  (3451,982)  (3367,886)  (3415,886)  (3451,1030)  (3350,838)  (3451,1078)  (3451,1126)  (3451,1174)  (3451,1222)
61 Sea Zone  (2474,917)  (2503,869)  (2522,917)  (2413,1005)
26 Sea Zone  (586,1838)  (538,1885)  (538,1837)  (633,1886)  (634,1808)  (585,1933)  (537,1933)  (490,1885)  (490,1837)  (681,1856)  (681,1904)  (633,1934)  (489,1934)  (682,1808)  (442,1886)  (442,1838)  (729,1856)  (729,1904)  (441,1950)  (730,1808)  (394,1902)  (394,1854)  (777,1856)  (777,1904)  (393,1950)  (778,1808)  (825,1856)  (825,1904)  (826,1808)
7 Sea Zone  (640,199)  (652,247)  (606,151)  (654,151)  (702,137)  (702,185)
38 Sea Zone  (2322,1864)  (2274,1911)  (2274,1863)  (2369,1912)  (2322,1816)  (2370,1816)  (2370,1864)  (2272,1815)  (2226,1950)  (2226,1902)  (2417,1912)  (2418,1808)  (2418,1856)  (2224,1854)  (2178,1950)  (2178,1902)  (2465,1904)  (2466,1808)  (2466,1856)  (2176,1854)
Turkey  (1442,905)  (1394,921)  (1490,887)  (1346,932)  (1538,888)
West Indies  (186,928)  (235,923)  (280,946)
29 Sea Zone  (1566,1856)  (1518,1903)  (1518,1855)  (1613,1904)  (1566,1808)  (1614,1808)  (1614,1856)  (1470,1950)  (1470,1902)  (1470,1854)  (1661,1904)  (1662,1808)  (1662,1856)  (1422,1950)
Anhwei  (2261,661)  (2303,709)  (2309,615)
Belgian Congo  (1054,1509)  (1081,1557)  (1033,1557)  (1015,1461)  (1063,1461)  (1102,1509)  (1111,1454)  (1081,1605)  (1103,1653)
Mexico  (3450,827)  (3387,747)  (3418,791)
Mozambique  (1231,1750)
French Madagascar  (1367,1868)  (1368,1820)  (1372,1767)
Yunnan  (2231,895)  (2183,892)  (2251,943)  (2231,847)  (2279,856)  (2299,911)
28 Sea Zone  (1261,1847)  (1308,1895)  (1260,1895)  (1212,1915)  (1340,1943)  (1292,1943)  (1164,1950)
23 Sea Zone  (564,1413)  (611,1461)  (563,1461)  (538,1365)  (586,1365)  (612,1413)  (659,1461)  (659,1509)  (611,1509)  (563,1509)  (538,1317)  (707,1429)  (707,1477)  (538,1269)  (755,1454)  (755,1502)  (538,1221)  (518,1173)  (517,1125)  (517,1077)  (565,1038)  (517,1029)
Wake Island  (2903,1081)
Iceland  (807,24)
Anglo-Egyptian Sudan  (1158,1275)  (1205,1323)  (1157,1323)  (1158,1227)  (1206,1227)  (1206,1275)  (1187,1371)  (1139,1371)  (1254,1201)  (1254,1249)
Algeria  (823,978)  (775,993)  (872,966)
Saudi Arabia  (1495,1115)  (1447,1162)  (1447,1114)  (1540,1163)  (1514,1067)  (1543,1115)  (1562,1048)  (1447,1210)  (1399,1178)  (1399,1130)  (1591,1096)  (1639,1064)
30 Sea Zone  (1923,1857)  (1875,1904)  (1875,1856)  (1970,1905)  (1923,1809)  (1971,1809)  (1971,1857)  (1873,1808)  (1827,1950)  (1827,1902)  (2018,1905)  (2019,1808)  (2019,1856)  (1825,1854)  (1779,1950)  (1779,1902)  (2066,1904)  (2067,1808)  (2067,1856)  (1777,1854)
11 Sea Zone  (247,743)  (294,791)  (246,791)  (246,695)  (294,695)  (295,743)  (324,839)  (276,839)  (228,839)  (298,647)  (146,843)  (130,795)  (98,854)  (82,806)  (34,812)
Karelia S.S.R.  (1328,208)  (1280,204)  (1375,256)  (1376,165)  (1257,140)  (1423,213)  (1423,261)  (1219,76)  (1471,214)  (1471,262)  (1267,56)
2 Sea Zone  (475,146)  (427,178)  (427,130)  (522,194)  (475,98)  (523,98)  (523,146)  (557,242)  (509,242)  (436,50)  (484,50)  (532,50)  (472,2)  (520,2)
Switzerland  (911,676)  (958,664)
Trans-Jordan  (1446,990)  (1398,1037)  (1452,1038)  (1494,981)
16 Sea Zone  (1394,807)  (1442,810)  (1490,793)
Soviet Far East  (2688,107)  (2640,154)  (2640,106)  (2735,155)  (2688,59)  (2736,59)  (2736,107)  (2638,58)  (2592,140)  (2783,155)  (2772,203)  (2724,203)  (2686,11)  (2734,11)  (2782,11)  (2784,59)  (2784,107)  (2590,92)  (2590,44)  (2638,10)  (2830,1)  (2832,49)  (2832,97)  (2542,131)  (2542,83)  (2542,35)  (2878,1)  (2880,49)  (2880,97)  (2928,34)
Burma  (2137,1001)  (2150,1049)  (2185,960)
51 Sea Zone  (2717,967)  (2764,1015)  (2716,1015)  (2765,930)  (2792,1103)  (2672,1126)  (2744,1130)
Western United States  (3366,600)  (3413,648)  (3365,648)  (3326,552)  (3374,552)  (3414,600)  (3422,544)  (3451,696)  (3347,504)
Bulgaria Romania  (1245,711)  (1292,759)  (1244,759)  (1206,663)  (1254,663)  (1293,711)  (1302,654)  (1297,807)  (1249,807)
58 Sea Zone  (2912,594)  (2959,642)  (2911,642)  (2876,546)  (2924,546)  (2960,594)  (2972,534)  (2998,690)  (2950,690)  (2902,690)  (2876,498)  (2924,498)  (2972,486)
43 Sea Zone  (3227,1374)  (3179,1421)  (3179,1373)  (3274,1422)  (3227,1326)  (3275,1326)  (3275,1374)  (3177,1325)  (3226,1469)  (3178,1469)  (3284,1470)  (3225,1278)  (3273,1278)  (3152,1277)  (3236,1517)  (3188,1517)  (3284,1518)  (3236,1565)  (3188,1565)  (3284,1566)
Eastern Australia  (2768,1844)  (2720,1882)  (2795,1796)  (2816,1844)  (2816,1892)  (2768,1892)  (2843,1766)  (2672,1878)  (2795,1748)  (2864,1814)  (2864,1862)  (2864,1910)  (2624,1885)
39 Sea Zone  (2952,1859)  (2963,1907)  (2951,1811)  (2696,1950)  (2648,1950)
19 Sea Zone  (18,1029)  (20,1077)  (3,1125)  (0,1215)  (48,1315)  (96,1347)
Mongolia  (2244,518)  (2196,552)  (2196,504)  (2292,488)  (2292,536)  (2148,542)  (2148,494)  (2340,491)
Formosa  (2462,974)
Eire  (696,264)
Colombia Equador  (74,1146)  (94,1194)  (81,1098)  (122,1146)
Central United States  (42,631)  (69,679)  (21,679)  (0,583)  (48,583)  (0,535)  (48,535)
Sinkiang  (2091,652)  (2043,654)  (2043,606)  (2091,604)  (2139,604)  (2139,652)  (1995,647)  (2073,556)
Egypt  (1210,1090)  (1162,1082)  (1159,1035)  (1210,1040)  (1211,1139)  (1259,1138)  (1258,1091)
Archangel  (1577,200)  (1529,159)  (1624,248)  (1576,248)  (1577,152)  (1625,152)  (1625,200)  (1487,111)  (1567,104)  (1615,104)  (1663,104)  (1673,152)  (1711,66)  (1709,18)  (1757,18)  (1805,1)  (1853,1)  (1901,1)  (1910,49)  (1949,1)  (1958,49)  (1997,1)
Ukraine S.S.R.  (1408,600)  (1360,629)  (1360,581)  (1455,648)  (1408,552)  (1456,552)  (1456,600)  (1407,677)
Kiangsu  (2425,733)  (2377,699)  (2428,781)
20 Sea Zone  (52,1482)  (4,1529)  (4,1481)  (99,1530)  (52,1434)  (100,1434)  (100,1482)  (2,1433)  (51,1577)  (3,1577)  (107,1578)
Poland  (1252,504)  (1290,552)  (1242,552)  (1249,456)  (1300,483)
East Mexico  (0,866)  (0,819)  (1,914)  (46,860)
Union of South Africa  (1123,1819)  (1162,1867)  (1114,1867)  (1137,1771)  (1138,1723)
Western Canada  (3339,342)  (3291,343)  (3291,295)  (3386,390)  (3339,294)  (3387,294)  (3387,342)  (3338,391)  (3248,247)  (3434,390)  (3434,438)  (3386,438)  (3296,246)  (3344,246)  (3392,246)  (3435,294)  (3435,342)  (3338,439)  (3440,241)  (3249,198)  (3297,198)  (3345,198)  (3393,193)  (3441,193)  (3249,150)  (3297,150)  (3345,150)  (3393,145)  (3441,145)  (3250,102)  (3298,102)  (3346,97)  (3394,97)  (3442,97)  (3250,54)  (3298,54)  (3346,49)  (3394,49)  (3442,49)  (3250,6)  (3298,6)  (3346,1)  (3394,1)  (3442,1)
Alaska  (3138,224)  (3090,271)  (3090,223)  (3185,272)  (3138,176)  (3186,176)  (3186,224)  (3124,128)  (3172,128)  (3138,80)  (3186,80)  (3166,32)
Russia  (1791,273)  (1743,320)  (1743,272)  (1838,321)  (1791,225)  (1839,225)  (1839,273)  (1741,224)  (1790,368)  (1695,296)  (1789,177)  (1837,177)  (1885,177)  (1887,225)  (1887,273)  (1933,172)  (1833,416)  (1785,416)  (1771,129)  (1819,129)  (1867,129)  (1935,220)  (1935,268)  (1833,464)  (1785,464)  (1813,81)  (1737,482)  (1849,512)  (1801,512)
34 Sea Zone  (1535,1265)  (1487,1312)  (1582,1313)  (1583,1219)  (1630,1267)  (1630,1315)  (1631,1180)  (1678,1228)  (1678,1276)  (1678,1324)  (1679,1128)  (1679,1176)  (1364,1275)  (1353,1227)  (1333,1179)  (1685,1008)
Eastern Canada  (250,391)  (202,438)  (297,439)  (235,343)  (283,343)  (298,391)  (168,390)  (331,310)  (230,486)  (154,460)  (265,295)  (346,358)  (141,342)  (120,412)  (313,262)  (379,274)  (394,322)  (394,370)  (93,364)  (93,316)  (265,232)  (72,419)  (45,371)  (45,323)  (44,275)  (41,183)  (24,451)  (0,135)  (48,135)  (96,108)  (0,87)  (48,87)  (144,76)  (96,60)  (192,47)  (0,39)  (48,39)  (96,12)
Norway  (974,202)  (954,250)  (1022,155)
Germany  (1044,544)  (996,591)  (996,543)  (1091,592)  (1044,496)  (1092,496)  (1092,544)  (994,495)  (1043,639)  (948,602)  (948,554)  (1139,592)  (1139,640)  (1091,640)  (1140,465)  (1140,513)  (1043,687)
Central America  (36,958)  (70,987)  (104,1013)
Japan  (2723,694)  (2767,648)  (2725,739)  (2676,738)  (2689,787)  (2639,770)  (2614,817)  (2776,601)  (2760,552)  (2749,503)  (2779,471)  (2772,696)
New Zealand  (3035,1858)  (3069,1807)  (3098,1758)  (3111,1709)
Angola  (1062,1724)
64 Sea Zone  (3008,406)  (3056,402)  (2999,338)  (3104,376)  (3104,424)  (2999,290)  (2999,242)  (3018,194)  (3070,97)  (3070,49)  (3071,1)
Yakut S.S.R.  (2324,220)  (2276,267)  (2276,219)  (2339,268)  (2324,172)  (2372,172)  (2372,220)  (2274,171)  (2291,315)  (2322,124)  (2370,124)  (2418,124)  (2260,123)  (2282,363)  (2308,76)  (2356,76)  (2404,76)  (2452,76)  (2319,411)  (2271,411)  (2265,28)  (2313,28)  (2361,28)  (2409,28)  (2457,28)
37 Sea Zone  (2152,1512)  (2104,1559)  (2104,1511)  (2199,1560)  (2102,1463)  (2151,1607)  (2103,1607)  (2247,1545)  (2247,1593)  (2199,1608)  (2094,1415)  (2280,1641)  (2151,1655)  (2103,1655)  (2295,1554)  (2232,1656)  (2094,1367)  (2328,1602)  (2328,1650)  (2280,1689)  (2337,1698)  (2184,1703)  (2136,1703)  (2232,1704)  (2094,1319)  (2376,1560)  (2289,1737)  (2343,1746)  (2184,1751)  (2136,1751)  (2241,1752)
56 Sea Zone  (3204,702)  (3235,750)  (3204,654)  (3252,654)  (3252,702)  (3283,750)  (3283,798)  (3235,798)  (3204,606)  (3252,606)  (3301,846)  (3253,846)  (3205,846)  (3204,558)  (3252,558)  (3204,510)  (3252,510)
Novosibirsk  (1932,496)  (1979,544)  (1931,544)  (1896,448)  (1944,448)  (1980,496)  (1883,573)  (1940,592)  (1888,400)  (1936,400)  (1984,400)  (1934,352)
24 Sea Zone  (882,1502)  (929,1550)  (839,1454)  (887,1454)  (930,1502)  (964,1598)  (916,1598)
Italy  (1004,820)  (1015,771)  (965,771)  (981,726)  (931,730)  (897,763)  (1086,911)  (1045,866)
9 Sea Zone  (519,488)  (566,536)  (518,536)  (504,440)  (552,440)  (567,488)  (600,407)  (614,536)  (614,584)  (566,584)  (518,584)  (504,392)  (552,392)  (615,455)  (600,359)  (617,632)  (569,632)  (521,632)  (504,344)  (552,344)
Southern Europe  (1113,776)  (1143,728)  (1161,803)
India  (1861,1020)  (1813,1040)  (1813,992)  (1906,1068)  (1861,972)  (1909,972)  (1909,1020)  (1858,1088)  (1798,944)  (1898,924)  (1957,971)  (1900,1136)  (1882,1184)
Greenland  (367,50)  (328,2)  (376,2)
45 Sea Zone  (2894,1641)  (2846,1624)  (2941,1689)  (2893,1689)  (2942,1610)  (2963,1737)
52 Sea Zone  (2898,1008)  (2850,1051)  (2850,1003)  (2898,960)  (2946,960)  (2946,1008)  (2844,955)  (2994,930)  (2994,978)  (2994,1026)  (2846,1106)  (2998,1074)  (3011,1122)  (2963,1136)  (2915,1138)  (3028,1170)  (2980,1184)  (2932,1186)  (3028,1218)
Malaya  (2160,1165)  (2178,1208)  (2210,1255)
Italian East Africa  (1358,1388)  (1310,1435)  (1310,1387)  (1317,1339)  (1262,1422)
48 Sea Zone  (2541,1055)  (2493,1071)  (2535,1007)  (2583,1007)  (2589,1055)  (2598,1103)  (2445,1099)  (2623,1151)  (2590,959)  (2436,1159)  (2623,1199)  (2425,1207)  (2623,1247)  (2449,1255)  (2575,1259)  (2623,1295)
Buryatia S.S.R.  (2558,342)  (2510,321)  (2605,390)  (2558,294)  (2606,281)  (2488,273)  (2462,325)  (2653,366)  (2653,414)  (2536,246)  (2445,374)  (2464,225)  (2417,426)  (2532,198)  (2397,378)
62 Sea Zone  (2633,617)  (2680,665)  (2632,665)  (2681,576)  (2627,713)  (2729,600)  (2581,768)  (2735,411)
Szechwan  (2066,746)  (2018,754)  (2114,744)  (1996,706)  (1970,772)  (2162,758)  (1948,724)  (2210,744)  (2258,772)
57 Sea Zone  (3051,739)  (3098,787)  (3050,787)  (3047,691)  (3095,691)  (3099,739)  (3143,647)  (3146,787)  (3146,835)  (3098,835)  (3050,835)  (3047,643)  (3095,643)  (3147,695)  (3047,595)  (3047,547)  (3095,539)  (3143,537)  (3047,499)  (3095,491)  (3143,489)
33 Sea Zone  (1400,1555)  (1352,1602)  (1352,1554)  (1447,1603)  (1400,1507)  (1448,1507)  (1448,1555)  (1350,1506)  (1399,1650)  (1351,1650)  (1304,1602)  (1495,1603)  (1463,1651)  (1303,1651)  (1400,1459)  (1448,1459)  (1496,1459)  (1496,1507)  (1496,1555)  (1347,1699)  (1299,1699)  (1439,1411)  (1487,1411)  (1303,1747)
59 Sea Zone  (2890,785)  (2878,833)  (2938,759)  (2830,853)  (2885,881)  (2986,759)  (2997,881)
49 Sea Zone  (2677,1420)  (2623,1397)  (2725,1403)  (2590,1527)  (2773,1403)  (2796,1451)  (2821,1403)
6 Sea Zone  (849,220)  (876,268)  (859,172)  (907,149)  (912,316)  (842,124)  (906,364)
Borneo  (2392,1365)  (2442,1398)  (2492,1424)  (2445,1351)
Vologda  (2026,203)  (2073,251)  (2025,251)  (1984,155)  (2032,155)  (2074,203)  (2084,299)  (2036,299)  (1996,107)  (2044,107)  (2067,347)
French West Africa  (696,1236)  (648,1283)  (648,1235)  (743,1284)  (696,1188)  (744,1188)  (744,1236)  (646,1187)  (695,1331)  (791,1284)  (751,1332)  (694,1140)  (792,1172)  (792,1220)  (598,1149)  (646,1139)  (612,1091)  (660,1091)
Libya  (997,1033)  (949,1029)  (1045,1036)
60 Sea Zone  (2768,768)  (2816,711)  (2816,759)  (2767,816)  (2719,827)  (2671,855)  (2812,663)  (2816,615)  (2816,567)  (2817,519)
Belorussia  (1411,418)  (1363,456)  (1363,408)  (1458,466)  (1432,370)  (1459,418)
East Indies  (2189,1401)  (2176,1354)  (2205,1449)  (2245,1483)  (2296,1499)
10 Sea Zone  (380,575)  (427,623)  (379,623)  (428,545)  (441,431)
Philippine Islands  (2481,1195)  (2533,1200)  (2518,1144)
Kwangtung  (2377,873)  (2408,921)  (2337,825)  (2360,777)
Brazil  (323,1253)  (275,1263)  (275,1215)  (370,1301)  (323,1205)  (371,1205)  (371,1253)  (322,1311)  (236,1167)  (227,1226)  (383,1349)  (284,1157)  (419,1211)  (332,1359)  (188,1178)
31 Sea Zone  (1902,1528)  (1854,1575)  (1854,1527)  (1949,1576)  (1902,1480)  (1950,1480)  (1950,1528)  (1852,1479)  (1901,1623)  (1853,1623)  (1806,1575)  (1806,1527)  (1997,1576)  (1997,1624)  (1949,1624)  (1805,1624)  (1900,1432)  (1948,1432)  (1996,1432)  (1998,1480)  (1998,1528)  (1804,1479)  (1804,1431)  (1852,1431)  (2044,1408)  (1901,1671)  (1853,1671)  (2045,1576)  (2045,1624)  (2045,1672)  (1997,1672)  (1949,1672)  (1805,1672)  (1901,1719)  (1853,1719)  (2045,1720)  (1997,1720)  (1949,1720)  (1805,1720)
42 Sea Zone  (3363,1371)  (3410,1419)  (3362,1419)  (3333,1323)  (3381,1323)  (3411,1371)  (3429,1305)  (3451,1467)  (3403,1467)  (3355,1467)  (3333,1275)  (3381,1275)  (3451,1515)  (3403,1515)  (3355,1515)  (3451,1563)  (3403,1563)  (3355,1563)
Venezuela  (175,1063)  (223,1063)  (273,1077)
Okinawa  (2701,1081)
13 Sea Zone  (545,937)  (593,924)  (593,972)  (539,719)
Sahara  (1013,1132)  (965,1149)  (1060,1180)  (964,1101)  (1061,1122)  (1108,1170)  (916,1118)  (1109,1120)  (876,1070)  (828,1107)  (828,1059)  (780,1105)  (780,1057)  (732,1071)
25 Sea Zone  (572,1677)  (524,1724)  (524,1676)  (619,1725)  (572,1629)  (620,1629)  (620,1677)  (522,1628)  (476,1759)  (476,1711)  (667,1725)  (570,1581)  (618,1581)  (666,1581)  (668,1629)  (668,1677)  (474,1663)  (474,1615)  (714,1561)  (428,1759)  (428,1711)  (715,1725)  (716,1609)  (716,1657)  (426,1663)  (426,1615)  (762,1561)  (763,1705)  (763,1753)  (764,1609)  (764,1657)  (810,1561)  (811,1705)  (811,1753)  (812,1609)  (812,1657)
Persia  (1660,914)  (1612,950)  (1708,900)
3 Sea Zone  (764,71)  (739,23)  (716,71)  (691,23)  (668,71)  (905,71)  (919,1)  (643,23)  (620,71)  (953,49)  (967,1)  (1001,49)  (1015,1)  (1063,1)  (1111,1)
Eastern United States  (229,573)  (181,619)  (277,545)  (183,667)  (135,667)  (133,619)  (167,715)  (119,715)
Sweden  (1042,299)
French Indo-China Thailand  (2221,1077)  (2260,1125)  (2260,1029)  (2269,1077)
Himalaya  (2025,856)  (1977,903)  (1977,855)  (2072,904)  (2073,817)
53 Sea Zone  (3087,1090)  (3134,1138)  (3086,1138)  (3077,1042)  (3125,1042)  (3135,1090)  (3182,1138)  (3182,1186)  (3134,1186)  (3086,1186)  (3183,1082)  (3212,952)  (3133,938)  (3077,937)
Western Australia  (2597,1745)  (2549,1792)  (2549,1744)  (2644,1793)  (2609,1697)  (2645,1745)  (2657,1691)  (2541,1840)  (2692,1793)  (2693,1739)  (2705,1656)  (2541,1888)  (2740,1787)  (2741,1704)
Kazakh S.S.R.  (1777,700)  (1729,747)  (1729,664)  (1824,748)  (1777,652)  (1825,652)  (1825,700)  (1727,616)  (1775,604)  (1873,673)  (1679,646)
47 Sea Zone  (2436,1478)  (2478,1526)  (2484,1475)  (2380,1428)  (2526,1523)  (2532,1463)  (2332,1386)  (2536,1347)  (2320,1338)
Hawaiian Islands  (3180,1029)  (3089,976)  (3136,983)  (3185,987)
17 Sea Zone  (1191,989)  (1238,969)  (1280,943)  (1300,985)
12 Sea Zone  (384,823)  (431,871)  (383,871)  (373,775)  (421,775)  (432,823)  (469,738)  (479,871)  (479,919)  (431,919)  (383,919)  (373,727)  (421,727)  (480,786)  (490,967)  (442,967)  (394,967)
Solomon Islands  (3025,1504)  (3054,1540)  (2931,1445)  (2977,1467)
5 Sea Zone  (1032,390)  (1080,373)  (1124,318)  (1127,270)  (1104,222)  (1221,263)
New Guinea  (2727,1516)  (2678,1509)  (2635,1473)  (2776,1519)
44 Sea Zone  (2984,1354)  (2936,1394)  (2936,1346)  (3031,1402)  (2984,1306)  (3032,1306)  (3032,1354)  (2927,1298)  (3079,1402)  (3080,1273)  (3080,1321)  (3089,1450)  (2895,1483)  (2943,1523)  (2895,1531)  (3103,1573)  (3013,1586)
8 Sea Zone  (722,451)  (674,493)  (674,445)  (770,418)  (667,397)  (818,421)  (666,349)  (666,581)  (675,629)
32 Sea Zone  (1659,1577)  (1611,1624)  (1611,1576)  (1706,1625)  (1659,1529)  (1707,1529)  (1707,1577)  (1609,1528)  (1658,1672)  (1610,1672)  (1563,1624)  (1563,1576)  (1739,1673)  (1562,1673)  (1657,1481)  (1705,1481)  (1561,1528)  (1561,1480)  (1609,1480)  (1691,1720)  (1643,1720)  (1739,1721)  (1595,1721)  (1547,1721)  (1657,1433)  (1705,1433)  (1559,1432)  (1607,1432)  (1499,1736)
Midway  (3109,589)
1 Sea Zone  (226,132)  (178,179)  (178,131)  (207,227)  (159,227)  (130,179)  (111,246)  (203,275)
Caucasus  (1566,571)  (1598,619)  (1614,544)  (1595,667)  (1662,530)  (1547,713)  (1595,715)  (1596,763)  (1625,811)  (1577,811)
Gibraltar  (650,910)  (690,884)
West Russia  (1586,392)  (1538,357)  (1633,440)  (1585,440)  (1586,344)  (1634,344)  (1634,392)  (1681,440)  (1569,488)  (1682,370)
Finland  (1194,210)  (1166,111)  (1179,161)
United Kingdom  (829,368)  (780,368)  (731,369)  (774,319)  (806,271)  (787,223)  (766,174)  (813,175)  (822,318)
14 Sea Zone  (752,895)  (783,847)  (800,895)
Manchuria  (2537,528)  (2489,575)  (2489,527)  (2554,576)  (2537,480)  (2585,480)  (2487,479)  (2441,600)  (2441,552)  (2633,521)  (2491,431)  (2534,667)  (2542,715)
Rhodesia  (1190,1582)  (1142,1586)  (1220,1630)  (1176,1534)  (1224,1534)  (1238,1582)  (1201,1678)  (1201,1486)  (1249,1486)
21 Sea Zone  (200,1776)  (152,1823)  (152,1775)  (247,1824)  (248,1731)  (150,1727)  (251,1683)  (199,1871)  (151,1871)  (104,1823)  (104,1775)  (295,1779)  (295,1827)  (247,1872)  (103,1872)  (296,1731)  (102,1727)  (102,1679)  (298,1875)  (299,1677)  (230,1635)  (199,1919)  (151,1919)  (56,1824)  (56,1776)  (250,1920)  (103,1920)  (55,1920)  (55,1872)  (54,1728)  (54,1680)  (332,1923)  (278,1629)  (326,1629)  (8,1824)  (8,1776)  (7,1950)  (7,1902)  (6,1728)  (6,1680)  (249,1581)  (297,1581)  (298,1533)
36 Sea Zone  (2322,1204)  (2274,1251)  (2274,1203)  (2356,1252)  (2333,1156)  (2147,1263)  (2111,1135)  (2109,1215)  (2099,1263)  (2091,1087)  (2063,1167)  (2061,1215)
Peru Argentina  (204,1351)  (156,1309)  (251,1399)  (204,1303)  (292,1447)  (226,1503)
22 Sea Zone  (424,1446)  (471,1494)  (423,1494)  (428,1398)  (472,1446)  (476,1394)  (489,1542)  (441,1542)  (393,1542)  (455,1346)  (475,1298)  (468,1163)  (413,1130)  (461,1115)  (373,1082)  (421,1067)  (373,1034)
50 Sea Zone  (2742,1202)  (2694,1239)  (2694,1191)  (2790,1187)  (2681,1287)  (2838,1187)  (2843,1322)  (2729,1330)  (2795,1331)  (2681,1335)
35 Sea Zone  (1887,1298)  (1839,1345)  (1839,1297)  (1934,1346)  (1927,1250)  (1935,1298)  (1837,1249)  (1975,1210)  (1791,1359)  (1791,1311)  (1982,1346)  (1983,1258)  (1789,1263)  (1789,1215)  (1755,1167)  (1955,1162)  (2003,1162)  (1743,1359)  (1743,1311)  (2030,1312)  (1741,1263)  (1741,1215)  (1734,1119)  (1957,1114)  (2005,1114)  (1734,1071)  (2007,1066)